Date_reported, Country_code, Country, WHO_region, New_cases, Cumulative_cases, New_deaths, Cumulative_deaths
26-02-2020,PK,Pakistan,EMRO,6,6,0,0
27-02-2020,PK,Pakistan,EMRO,0,6,0,0
28-02-2020,PK,Pakistan,EMRO,0,6,0,0
29-02-2020,PK,Pakistan,EMRO,2,8,0,0
01-03-2020,PK,Pakistan,EMRO,0,8,0,0
02-03-2020,PK,Pakistan,EMRO,1,9,0,0
03-03-2020,PK,Pakistan,EMRO,0,9,0,0
04-03-2020,PK,Pakistan,EMRO,0,9,0,0
05-03-2020,PK,Pakistan,EMRO,0,9,0,0
06-03-2020,PK,Pakistan,EMRO,0,9,0,0
07-03-2020,PK,Pakistan,EMRO,0,9,0,0
08-03-2020,PK,Pakistan,EMRO,1,10,0,0
09-03-2020,PK,Pakistan,EMRO,0,10,0,0
10-03-2020,PK,Pakistan,EMRO,10,20,0,0
11-03-2020,PK,Pakistan,EMRO,3,23,0,0
12-03-2020,PK,Pakistan,EMRO,1,24,0,0
13-03-2020,PK,Pakistan,EMRO,0,24,0,0
14-03-2020,PK,Pakistan,EMRO,8,32,0,0
15-03-2020,PK,Pakistan,EMRO,24,56,0,0
16-03-2020,PK,Pakistan,EMRO,1,57,0,0
17-03-2020,PK,Pakistan,EMRO,134,191,0,0
18-03-2020,PK,Pakistan,EMRO,54,245,0,0
19-03-2020,PK,Pakistan,EMRO,61,306,2,2
20-03-2020,PK,Pakistan,EMRO,155,461,0,2
21-03-2020,PK,Pakistan,EMRO,34,495,1,3
22-03-2020,PK,Pakistan,EMRO,151,646,0,3
23-03-2020,PK,Pakistan,EMRO,138,784,2,5
24-03-2020,PK,Pakistan,EMRO,103,887,1,6
25-03-2020,PK,Pakistan,EMRO,104,991,1,7
26-03-2020,PK,Pakistan,EMRO,66,1057,1,8
27-03-2020,PK,Pakistan,EMRO,140,1197,1,9
28-03-2020,PK,Pakistan,EMRO,211,1408,2,11
29-03-2020,PK,Pakistan,EMRO,118,1526,2,13
30-03-2020,PK,Pakistan,EMRO,99,1625,5,18
31-03-2020,PK,Pakistan,EMRO,240,1865,7,25
01-04-2020,PK,Pakistan,EMRO,174,2039,1,26
02-04-2020,PK,Pakistan,EMRO,252,2291,5,31
03-04-2020,PK,Pakistan,EMRO,159,2450,4,35
04-04-2020,PK,Pakistan,EMRO,0,2450,0,35
05-04-2020,PK,Pakistan,EMRO,609,3059,10,45
06-04-2020,PK,Pakistan,EMRO,365,3424,5,50
07-04-2020,PK,Pakistan,EMRO,581,4005,4,54
08-04-2020,PK,Pakistan,EMRO,178,4183,4,58
09-04-2020,PK,Pakistan,EMRO,306,4489,5,63
10-04-2020,PK,Pakistan,EMRO,206,4695,3,66
11-04-2020,PK,Pakistan,EMRO,275,4970,11,77
12-04-2020,PK,Pakistan,EMRO,213,5183,11,88
13-04-2020,PK,Pakistan,EMRO,313,5496,5,93
14-04-2020,PK,Pakistan,EMRO,341,5837,3,96
15-04-2020,PK,Pakistan,EMRO,151,5988,11,107
16-04-2020,PK,Pakistan,EMRO,931,6919,21,128
17-04-2020,PK,Pakistan,EMRO,106,7025,7,135
18-04-2020,PK,Pakistan,EMRO,613,7638,8,143
19-04-2020,PK,Pakistan,EMRO,355,7993,16,159
20-04-2020,PK,Pakistan,EMRO,425,8418,17,176
21-04-2020,PK,Pakistan,EMRO,1087,9505,21,197
22-04-2020,PK,Pakistan,EMRO,244,9749,12,209
23-04-2020,PK,Pakistan,EMRO,1066,10815,19,228
24-04-2020,PK,Pakistan,EMRO,340,11155,9,237
25-04-2020,PK,Pakistan,EMRO,1072,12227,19,256
26-04-2020,PK,Pakistan,EMRO,970,13197,21,277
27-04-2020,PK,Pakistan,EMRO,718,13915,15,292
28-04-2020,PK,Pakistan,EMRO,164,14079,9,301
29-04-2020,PK,Pakistan,EMRO,1210,15289,34,335
30-04-2020,PK,Pakistan,EMRO,828,16117,23,358
01-05-2020,PK,Pakistan,EMRO,1494,17611,48,406
02-05-2020,PK,Pakistan,EMRO,1159,18770,26,432
03-05-2020,PK,Pakistan,EMRO,1314,20084,25,457
04-05-2020,PK,Pakistan,EMRO,800,20884,19,476
05-05-2020,PK,Pakistan,EMRO,617,21501,10,486
06-05-2020,PK,Pakistan,EMRO,1049,22550,40,526
07-05-2020,PK,Pakistan,EMRO,2094,24644,59,585
08-05-2020,PK,Pakistan,EMRO,1791,26435,14,599
09-05-2020,PK,Pakistan,EMRO,1039,27474,19,618
10-05-2020,PK,Pakistan,EMRO,1991,29465,21,639
11-05-2020,PK,Pakistan,EMRO,1476,30941,28,667
12-05-2020,PK,Pakistan,EMRO,1733,32674,57,724
13-05-2020,PK,Pakistan,EMRO,1662,34336,13,737
14-05-2020,PK,Pakistan,EMRO,1452,35788,33,770
15-05-2020,PK,Pakistan,EMRO,1430,37218,33,803
16-05-2020,PK,Pakistan,EMRO,1581,38799,31,834
17-05-2020,PK,Pakistan,EMRO,1352,40151,39,873
18-05-2020,PK,Pakistan,EMRO,1974,42125,30,903
19-05-2020,PK,Pakistan,EMRO,1841,43966,36,939
20-05-2020,PK,Pakistan,EMRO,1932,45898,46,985
21-05-2020,PK,Pakistan,EMRO,2193,48091,32,1017
22-05-2020,PK,Pakistan,EMRO,2603,50694,50,1067
23-05-2020,PK,Pakistan,EMRO,1743,52437,34,1101
24-05-2020,PK,Pakistan,EMRO,2164,54601,32,1133
25-05-2020,PK,Pakistan,EMRO,1748,56349,34,1167
26-05-2020,PK,Pakistan,EMRO,1356,57705,30,1197
27-05-2020,PK,Pakistan,EMRO,1446,59151,28,1225
28-05-2020,PK,Pakistan,EMRO,2076,61227,35,1260
29-05-2020,PK,Pakistan,EMRO,2801,64028,57,1317
30-05-2020,PK,Pakistan,EMRO,2429,66457,78,1395
31-05-2020,PK,Pakistan,EMRO,3039,69496,88,1483
01-06-2020,PK,Pakistan,EMRO,2964,72460,60,1543
02-06-2020,PK,Pakistan,EMRO,3938,76398,78,1621
03-06-2020,PK,Pakistan,EMRO,4065,80463,67,1688
04-06-2020,PK,Pakistan,EMRO,4801,85264,82,1770
05-06-2020,PK,Pakistan,EMRO,3985,89249,68,1838
06-06-2020,PK,Pakistan,EMRO,4734,93983,97,1935
07-06-2020,PK,Pakistan,EMRO,4960,98943,67,2002
08-06-2020,PK,Pakistan,EMRO,4728,103671,65,2067
09-06-2020,PK,Pakistan,EMRO,4646,108317,105,2172
10-06-2020,PK,Pakistan,EMRO,5385,113702,83,2255
11-06-2020,PK,Pakistan,EMRO,5834,119536,101,2356
12-06-2020,PK,Pakistan,EMRO,5985,125521,107,2463
13-06-2020,PK,Pakistan,EMRO,6884,132405,88,2551
14-06-2020,PK,Pakistan,EMRO,6825,139230,81,2632
15-06-2020,PK,Pakistan,EMRO,5248,144478,97,2729
16-06-2020,PK,Pakistan,EMRO,4443,148921,110,2839
17-06-2020,PK,Pakistan,EMRO,5839,154760,136,2975
18-06-2020,PK,Pakistan,EMRO,5358,160118,118,3093
19-06-2020,PK,Pakistan,EMRO,4944,165062,136,3229
20-06-2020,PK,Pakistan,EMRO,6604,171666,153,3382
21-06-2020,PK,Pakistan,EMRO,4951,176617,119,3501
22-06-2020,PK,Pakistan,EMRO,4471,181088,89,3590
23-06-2020,PK,Pakistan,EMRO,3946,185034,105,3695
24-06-2020,PK,Pakistan,EMRO,3892,188926,60,3755
25-06-2020,PK,Pakistan,EMRO,4044,192970,148,3903
26-06-2020,PK,Pakistan,EMRO,2775,195745,59,3962
27-06-2020,PK,Pakistan,EMRO,3138,198883,73,4035
28-06-2020,PK,Pakistan,EMRO,4072,202955,83,4118
29-06-2020,PK,Pakistan,EMRO,3557,206512,49,4167
30-06-2020,PK,Pakistan,EMRO,2825,209337,137,4304
01-07-2020,PK,Pakistan,EMRO,4133,213470,91,4395
02-07-2020,PK,Pakistan,EMRO,4339,217809,78,4473
03-07-2020,PK,Pakistan,EMRO,4087,221896,78,4551
04-07-2020,PK,Pakistan,EMRO,3387,225283,68,4619
05-07-2020,PK,Pakistan,EMRO,3191,228474,93,4712
06-07-2020,PK,Pakistan,EMRO,3344,231818,50,4762
07-07-2020,PK,Pakistan,EMRO,2691,234509,77,4839
08-07-2020,PK,Pakistan,EMRO,2980,237489,83,4922
09-07-2020,PK,Pakistan,EMRO,3359,240848,61,4983
10-07-2020,PK,Pakistan,EMRO,2748,243596,75,5058
11-07-2020,PK,Pakistan,EMRO,2755,246351,65,5123
12-07-2020,PK,Pakistan,EMRO,2521,248872,74,5197
13-07-2020,PK,Pakistan,EMRO,2753,251625,69,5266
14-07-2020,PK,Pakistan,EMRO,1979,253604,54,5320
15-07-2020,PK,Pakistan,EMRO,2165,255769,66,5386
16-07-2020,PK,Pakistan,EMRO,2145,257914,40,5426
17-07-2020,PK,Pakistan,EMRO,2085,259999,49,5475
18-07-2020,PK,Pakistan,EMRO,1918,261917,47,5522
19-07-2020,PK,Pakistan,EMRO,1579,263496,46,5568
20-07-2020,PK,Pakistan,EMRO,1587,265083,31,5599
21-07-2020,PK,Pakistan,EMRO,1013,266096,40,5639
22-07-2020,PK,Pakistan,EMRO,1332,267428,38,5677
23-07-2020,PK,Pakistan,EMRO,1763,269191,32,5709
24-07-2020,PK,Pakistan,EMRO,1209,270400,54,5763
25-07-2020,PK,Pakistan,EMRO,1487,271887,24,5787
26-07-2020,PK,Pakistan,EMRO,1226,273113,35,5822
27-07-2020,PK,Pakistan,EMRO,1176,274289,20,5842
28-07-2020,PK,Pakistan,EMRO,936,275225,23,5865
29-07-2020,PK,Pakistan,EMRO,1063,276288,27,5892
30-07-2020,PK,Pakistan,EMRO,1114,277402,32,5924
31-07-2020,PK,Pakistan,EMRO,903,278305,27,5951
01-08-2020,PK,Pakistan,EMRO,0,278305,0,5951
02-08-2020,PK,Pakistan,EMRO,0,278305,0,5951
03-08-2020,PK,Pakistan,EMRO,1724,280029,33,5984
04-08-2020,PK,Pakistan,EMRO,432,280461,15,5999
05-08-2020,PK,Pakistan,EMRO,675,281136,15,6014
06-08-2020,PK,Pakistan,EMRO,727,281863,21,6035
07-08-2020,PK,Pakistan,EMRO,782,282645,17,6052
08-08-2020,PK,Pakistan,EMRO,824,283469,14,6066
09-08-2020,PK,Pakistan,EMRO,634,284103,8,6074
10-08-2020,PK,Pakistan,EMRO,557,284660,23,6097
11-08-2020,PK,Pakistan,EMRO,531,285191,15,6112
12-08-2020,PK,Pakistan,EMRO,730,285921,17,6129
13-08-2020,PK,Pakistan,EMRO,762,286683,10,6139
14-08-2020,PK,Pakistan,EMRO,617,287300,14,6153
15-08-2020,PK,Pakistan,EMRO,747,288047,9,6162
16-08-2020,PK,Pakistan,EMRO,670,288717,6,6168
17-08-2020,PK,Pakistan,EMRO,498,289215,7,6175
18-08-2020,PK,Pakistan,EMRO,617,289832,15,6190
19-08-2020,PK,Pakistan,EMRO,613,290445,11,6201
20-08-2020,PK,Pakistan,EMRO,513,290958,8,6209
21-08-2020,PK,Pakistan,EMRO,630,291588,10,6219
22-08-2020,PK,Pakistan,EMRO,586,292174,10,6229
23-08-2020,PK,Pakistan,EMRO,591,292765,6,6235
24-08-2020,PK,Pakistan,EMRO,496,293261,9,6244
25-08-2020,PK,Pakistan,EMRO,450,293711,11,6255
26-08-2020,PK,Pakistan,EMRO,482,294193,12,6267
27-08-2020,PK,Pakistan,EMRO,445,294638,7,6274
28-08-2020,PK,Pakistan,EMRO,415,295053,9,6283
29-08-2020,PK,Pakistan,EMRO,319,295372,1,6284
30-08-2020,PK,Pakistan,EMRO,264,295636,4,6288
31-08-2020,PK,Pakistan,EMRO,213,295849,6,6294
01-09-2020,PK,Pakistan,EMRO,300,296149,4,6298
02-09-2020,PK,Pakistan,EMRO,441,296590,20,6318
03-09-2020,PK,Pakistan,EMRO,424,297014,10,6328
04-09-2020,PK,Pakistan,EMRO,498,297512,7,6335
05-09-2020,PK,Pakistan,EMRO,513,298025,5,6340
06-09-2020,PK,Pakistan,EMRO,484,298509,2,6342
07-09-2020,PK,Pakistan,EMRO,394,298903,3,6345
08-09-2020,PK,Pakistan,EMRO,0,298903,0,6345
09-09-2020,PK,Pakistan,EMRO,756,299659,14,6359
10-09-2020,PK,Pakistan,EMRO,196,299855,6,6365
11-09-2020,PK,Pakistan,EMRO,516,300371,5,6370
12-09-2020,PK,Pakistan,EMRO,584,300955,3,6373
13-09-2020,PK,Pakistan,EMRO,526,301481,6,6379
14-09-2020,PK,Pakistan,EMRO,0,301481,0,6379
15-09-2020,PK,Pakistan,EMRO,943,302424,10,6389
16-09-2020,PK,Pakistan,EMRO,665,303089,4,6393
17-09-2020,PK,Pakistan,EMRO,545,303634,6,6399
18-09-2020,PK,Pakistan,EMRO,752,304386,9,6408
19-09-2020,PK,Pakistan,EMRO,645,305031,7,6415
20-09-2020,PK,Pakistan,EMRO,640,305671,1,6416
